Symbol,AAPL,AXP,BA,GOOGL,IBM,MSFT,PFE
AAPL,731.130482292,201.081362603,331.379265492,2264.58421545,1088.11926205,25.5125227401,-91.9334531924
AXP,201.081362603,161.949440379,233.106019388,715.973603385,289.858507808,20.5407838102,-4.52338691661
BA,331.379265492,233.106019388,427.803077275,1345.15031106,474.605962045,30.9000618602,-43.2323860176
GOOGL,2264.58421545,715.973603385,1345.15031106,9949.87843765,3660.27597476,173.545089397,-97.1346970845
IBM,1088.11926205,289.858507808,474.605962045,3660.27597476,1720.14327847,50.1092178761,-94.7504541609
MSFT,25.5125227401,20.5407838102,30.9000618602,173.545089397,50.1092178761,6.81221228416,9.80703653321
PFE,-91.9334531924,-4.52338691661,-43.2323860176,-97.1346970845,-94.7504541609,9.80703653321,58.4057053366
