Symbol,AAPL,AXP,BA,GOOGL,IBM,MSFT,PFE
AAPL,1.0,0.58436560802,0.592523982857,0.83565666732,0.970279244768,0.361502972618,-0.444885746053
AXP,0.58436560802,1.0,0.885608569559,0.569596400532,0.549179117595,0.618419534224,-0.0465100038226
BA,0.592523982857,0.885608569559,1.0,0.739653665018,0.553259558804,0.572391677032,-0.273501439518
GOOGL,0.83565666732,0.569596400532,0.739653665018,1.0,0.8338416718,0.641064585788,-0.177808923876
IBM,0.970279244768,0.549179117595,0.553259558804,0.8338416718,1.0,0.462904311923,-0.298931273576
MSFT,0.361502972618,0.618419534224,0.572391677032,0.641064585788,0.462904311923,1.0,0.491661350853
PFE,-0.444885746053,-0.0465100038226,-0.273501439518,-0.177808923876,-0.298931273576,0.491661350853,1.0
